# Real self-play positions for vgo-bench: 16 at radius 1/38 and 16 at 1/18,
# spread across game stages by stone count. Taken from the vgo-continuous run,
# generations 10-11. Changing this file changes every benchmark number.
# radius komi to_move(0=black) consecutive_passes stones then x y color(0=black) per stone
0.02631578947368421 0.012620874445313365 1 0 15 0.51171875 0.92578125 0 0.44921875 0.49609375 1 0.57421875 0.47265625 0 0.53515625 0.42578125 1 0.08203125 0.57421875 0 0.05859375 0.50390625 1 0.03515625 0.08203125 0 0.15234375 0.14453125 1 0.64453125 0.12890625 0 0.91015625 0.90234375 1 0.82421875 0.83203125 0 0.49609375 0.58203125 1 0.87890625 0.94921875 0 0.66015625 0.44140625 1 0.15234375 0.86328125 0
0.02631578947368421 0.014001768911586283 1 0 33 0.41796875 0.14453125 0 0.55078125 0.49609375 1 0.57421875 0.93359375 0 0.39453125 0.50390625 1 0.90234375 0.97265625 0 0.46484375 0.93359375 1 0.37890625 0.84765625 0 0.44140625 0.57421875 1 0.17578125 0.53515625 0 0.85546875 0.83203125 1 0.19140625 0.65234375 0 0.80859375 0.91796875 1 0.10546875 0.04296875 0 0.51171875 0.44921875 1 0.44921875 0.51171875 0 0.64453125 0.44921875 1 0.02734375 0.85546875 0 0.52734375 0.58984375 1 0.5918803892605479 0.5289730614084382 0 0.14453125 0.14453125 1 0.44140625 0.37109375 0 0.66796875 0.53515625 1 0.12109375 0.91015625 0 0.49609375 0.65234375 1 0.43359375 0.71484375 0 0.53515625 0.33984375 1 0.15234375 0.82421875 0 0.93359375 0.92578125 1 0.62890625 0.57421875 0 0.83984375 0.16015625 1 0.58984375 0.66015625 0 0.33203125 0.45703125 1 0.10546875 0.85546875 0
0.02631578947368421 0.032230519941051194 0 0 52 0.77734375 0.02734375 0 0.03515625 0.02734375 1 0.94921875 0.48828125 0 0.39453125 0.52734375 1 0.15234375 0.66015625 0 0.4274105614084383 0.48624461073945213 1 0.39453125 0.65234375 0 0.44921875 0.55078125 1 0.84765625 0.58984375 0 0.49609375 0.51171875 1 0.43359375 0.38671875 0 0.80859375 0.07421875 1 0.83984375 0.73046875 0 0.51953125 0.63671875 1 0.02734375 0.08203125 0 0.58203125 0.54296875 1 0.79296875 0.45703125 0 0.55078125 0.43359375 1 0.34765625 0.44921875 0 0.09765625 0.90234375 1 0.65234375 0.50390625 0 0.16796875 0.15234375 1 0.09765625 0.10546875 0 0.62109375 0.40234375 1 0.05078125 0.96484375 0 0.05078125 0.16015625 1 0.17578125 0.08984375 0 0.16796875 0.51953125 1 0.41796875 0.10546875 0 0.5179019385915618 0.3924946107394521 1 0.4163394385915617 0.5918803892605479 0 0.83984375 0.15234375 1 0.5918803892605479 0.4664730614084383 0 0.51953125 0.08203125 1 0.16796875 0.02734375 0 0.15234375 0.82421875 1 0.4871284240276321 0.4351933129215393 0 0.67578125 0.37109375 1 0.45906788926054787 0.0725894385915617 0 0.16796875 0.91015625 1 0.84765625 0.31640625 0 0.49609375 0.33203125 1 0.95703125 0.09765625 0 0.33203125 0.56640625 1 0.5460253985806935 0.49507486713976884 0 0.26953125 0.48046875 1 0.84765625 0.84765625 0 0.3836621014193065 0.40336263286023116 1 0.57421875 0.33984375 0 0.49609375 0.58203125 1 0.90234375 0.09765625 0 0.46484375 0.66796875 1
0.02631578947368421 0.032442726620529785 0 0 71 0.68359375 0.57421875 0 0.44921875 0.49609375 1 0.14453125 0.78515625 0 0.48046875 0.55078125 1 0.23046875 0.24609375 0 0.56640625 0.44140625 1 0.95703125 0.08984375 0 0.31640625 0.59765625 1 0.53515625 0.61328125 0 0.02734375 0.03515625 1 0.83984375 0.16796875 0 0.42578125 0.63671875 1 0.16796875 0.08984375 0 0.15132486713976884 0.13977539858069352 1 0.33984375 0.09765625 0 0.42568074512851195 0.5431697597429761 1 0.84765625 0.42578125 0 0.48046875 0.38671875 1 0.91796875 0.18359375 0 0.84765625 0.11328125 1 0.43359375 0.92578125 0 0.57421875 0.54296875 1 0.31640625 0.37109375 0 0.56640625 0.76171875 1 0.34765625 0.66796875 0 0.33984375 0.50390625 1 0.16806925487148802 0.8322322597429761 1 0.25390625 0.39453125 0 0.49609375 0.71484375 1 0.50390625 0.45703125 0 0.60546875 0.66015625 1 0.53515625 0.19921875 0 0.84765625 0.83203125 1 0.17578125 0.63671875 0 0.91796875 0.90234375 1 0.49609375 0.07421875 0 0.63671875 0.49609375 1 0.16015625 0.91015625 0 0.19921875 0.18359375 1 0.47285725974297604 0.660256754871488 0 0.48046875 0.15234375 1 0.05859375 0.45703125 0 0.15234375 0.33203125 1 0.08984375 0.90234375 0 0.12069610685101623 0.9449856265277629 1 0.56640625 0.34765625 0 0.08984375 0.08203125 1 0.43257486713976884 0.4461621014193065 0 0.54296875 0.49609375 1 0.08984375 0.84765625 0 0.15234375 0.41015625 1 0.27734375 0.83984375 0 0.44921875 0.33203125 1 0.65234375 0.33203125 0 0.65234375 0.16015625 1 0.85546875 0.52734375 0 0.67578125 0.41796875 1 0.49609375 0.84765625 0 0.83203125 0.91796875 1 0.70703125 0.48046875 0 0.16796875 0.54296875 1 0.28515625 0.15234375 0 0.68359375 0.81640625 1 0.71484375 0.15234375 0 0.82421875 0.70703125 1 0.7246928892605479 0.8492855614084382 0 0.83203125 0.28515625 1 0.56640625 0.93359375 0 0.08984375 0.16796875 1 0.16898763286023116 0.4600878985806935 0 0.39453125 0.21484375 1
0.02631578947368421 0.014001768911586283 1 0 89 0.41796875 0.14453125 0 0.55078125 0.49609375 1 0.57421875 0.93359375 0 0.39453125 0.50390625 1 0.90234375 0.97265625 0 0.46484375 0.93359375 1 0.37890625 0.84765625 0 0.44140625 0.57421875 1 0.17578125 0.53515625 0 0.85546875 0.83203125 1 0.19140625 0.65234375 0 0.80859375 0.91796875 1 0.10546875 0.04296875 0 0.51171875 0.44921875 1 0.44921875 0.51171875 0 0.64453125 0.44921875 1 0.02734375 0.85546875 0 0.52734375 0.58984375 1 0.5918803892605479 0.5289730614084382 0 0.14453125 0.14453125 1 0.44140625 0.37109375 0 0.66796875 0.53515625 1 0.12109375 0.91015625 0 0.49609375 0.65234375 1 0.43359375 0.71484375 0 0.53515625 0.33984375 1 0.15234375 0.82421875 0 0.93359375 0.92578125 1 0.62890625 0.57421875 0 0.83984375 0.16015625 1 0.58984375 0.66015625 0 0.33203125 0.45703125 1 0.10546875 0.85546875 0 0.34765625 0.59765625 1 0.79296875 0.83984375 0 0.40234375 0.65234375 1 0.89453125 0.10546875 0 0.7430371014193065 0.8564876328602312 1 0.5106998671397688 0.5399121014193065 0 0.66796875 0.66015625 1 0.80078125 0.76953125 0 0.30859375 0.55078125 1 0.83203125 0.72265625 0 0.9356303892605479 0.0725894385915617 1 0.05859375 0.48828125 0 0.49405711073945213 0.3069644385915617 1 0.83203125 0.02734375 0 0.92578125 0.16015625 1 0.89453125 0.03515625 0 0.58984375 0.38671875 1 0.46484375 0.05078125 0 0.24609375 0.75390625 1 0.71484375 0.78515625 0 0.66015625 0.84765625 1 0.87890625 0.91015625 0 0.08984375 0.58984375 1 0.16015625 0.02734375 0 0.91796875 0.85546875 1 0.6944628985806935 0.46586263286023116 0 0.35546875 0.71484375 1 0.50390625 0.79296875 0 0.23828125 0.83203125 1 0.83984375 0.08984375 0 0.62890625 0.31640625 1 0.48828125 0.71484375 0 0.59765625 0.71484375 1 0.5477246014193065 0.7314876328602312 0 0.5798608018232198 0.5933139618509284 1 0.12109375 0.43359375 0 0.21484375 0.91015625 1 0.31640625 0.09765625 0 0.25390625 0.62890625 1 0.37686961073945213 0.1116519385915617 0 0.74609375 0.13671875 1 0.62890625 0.77734375 0 0.91796875 0.54296875 1 0.5818302402570239 0.800881754871488 0 0.46484375 0.83984375 1 0.45703125 0.45703125 0 0.27734375 0.15234375 1 0.49609375 0.19921875 0 0.40234375 0.29296875 1 0.97265625 0.03515625 0 0.40995524025702396 0.43349324512851195 1 0.50390625 0.87890625 0 0.35546875 0.36328125 1 0.9346126328602312 0.4930371014193065 0 0.68359375 0.35546875 1 0.3272753985806935 0.16898763286023116 0
0.02631578947368421 0.02019376763357696 0 0 108 0.51171875 0.83984375 0 0.51953125 0.51953125 1 0.92578125 0.47265625 0 0.5524105614084382 0.4784321107394521 1 0.05859375 0.55859375 0 0.14453125 0.52734375 1 0.42578125 0.53515625 0 0.48828125 0.58203125 1 0.48828125 0.15234375 0 0.43359375 0.62109375 1 0.09765625 0.83984375 0 0.44140625 0.45703125 1 0.14453125 0.43359375 0 0.83984375 0.15234375 1 0.97265625 0.33203125 0 0.17578125 0.84765625 1 0.05078125 0.46484375 0 0.49609375 0.94140625 1 0.24609375 0.68359375 0 0.66015625 0.59765625 1 0.46484375 0.05078125 0 0.55859375 0.93359375 1 0.60546875 0.51953125 0 0.57421875 0.61328125 1 0.49609375 0.31640625 0 0.35546875 0.48046875 1 0.03515625 0.41015625 0 0.66015625 0.44140625 1 0.09765625 0.95703125 0 0.90234375 0.40234375 1 0.08984375 0.41015625 0 0.13875538926054792 0.9241519385915618 1 0.52734375 0.41015625 0 0.83203125 0.45703125 1 0.84765625 0.34765625 0 0.34765625 0.58203125 1 0.57421875 0.34765625 0 0.07421875 0.90234375 1 0.66015625 0.16796875 0 0.20703125 0.49609375 1 0.15234375 0.15234375 0 0.16898763286023116 0.10241210141930648 1 0.55859375 0.05859375 0 0.16898763286023116 0.20227539858069352 1 0.30078125 0.15234375 0 0.18359375 0.57421875 1 0.33984375 0.34765625 0 0.37890625 0.66015625 1 0.65234375 0.33984375 0 0.15234375 0.35546875 1 0.67578125 0.80078125 0 0.31640625 0.83203125 1 0.16015625 0.28515625 0 0.84765625 0.58984375 1 0.84765625 0.84765625 0 0.08984375 0.08203125 1 0.84765625 0.73046875 0 0.48046875 0.67578125 1 0.70703125 0.64453125 0 0.8147769385915618 0.8065571107394521 1 0.34765625 0.23046875 0 0.42578125 0.80078125 1 0.65234375 0.92578125 0 0.16796875 0.71484375 1 0.71484375 0.32421875 0 0.60546875 0.71484375 1 0.77734375 0.66015625 0 0.26953125 0.55078125 1 0.91015625 0.15234375 0 0.40234375 0.33984375 1 0.83203125 0.09765625 0 0.55859375 0.22265625 1 0.83984375 0.20703125 0 0.08203125 0.68359375 1 0.33984375 0.08984375 0 0.73046875 0.51171875 1 0.71484375 0.08984375 0 0.28515625 0.41015625 1 0.41796875 0.91796875 0 0.27734375 0.91796875 1 0.83984375 0.27734375 0 0.92578125 0.66015625 1 0.94921875 0.83984375 0 0.07421875 0.23046875 1 0.83984375 0.96484375 0 0.58203125 0.82421875 1 0.73046875 0.22265625 0 0.27734375 0.29296875 1 0.44921875 0.20703125 0 0.31640625 0.72265625 1 0.92578125 0.56640625 0 0.72265625 0.91796875 1 0.77734375 0.38671875 0 0.71484375 0.73046875 1 0.91015625 0.09765625 0 0.51953125 0.75390625 1 0.90234375 0.79296875 0 0.23828125 0.79296875 1 0.22265625 0.16015625 0 0.91796875 0.91796875 1 0.7804003985806935 0.5283626328602312 0 0.08203125 0.76953125 1 0.57421875 0.14453125 0 0.73828125 0.83984375 1 0.33984375 0.91796875 0 0.91796875 0.27734375 1 0.40234375 0.13671875 0 0.6649121014193065 0.07319986713976884 1
0.02631578947368421 0.024275770855755295 0 0 126 0.03515625 0.97265625 0 0.50390625 0.50390625 1 0.44921875 0.89453125 0 0.48046875 0.44140625 1 0.57421875 0.66015625 0 0.57421875 0.54296875 1 0.42578125 0.35546875 0 0.51953125 0.61328125 1 0.04296875 0.09765625 0 0.12890625 0.13671875 1 0.37890625 0.52734375 0 0.31640625 0.51171875 1 0.40234375 0.66796875 0 0.37890625 0.46484375 1 0.27734375 0.83203125 0 0.44921875 0.55078125 1 0.83203125 0.58984375 0 0.36226236713976884 0.4149121014193065 1 0.96484375 0.55078125 0 0.16015625 0.85546875 1 0.03515625 0.24609375 0 0.54296875 0.38671875 1 0.65234375 0.49609375 0 0.91796875 0.08984375 1 0.05078125 0.51953125 0 0.16015625 0.08203125 1 0.48828125 0.34765625 0 0.05180013286023117 0.9227246014193065 1 0.10546875 0.83203125 0 0.58203125 0.34765625 1 0.24609375 0.12109375 0 0.48828125 0.69140625 1 0.58203125 0.46484375 0 0.66015625 0.37890625 1 0.30078125 0.37890625 0 0.62890625 0.60546875 1 0.2664746014193065 0.49507486713976884 0 0.32421875 0.59765625 1 0.23029561419421327 0.45684831550327526 0 0.28515625 0.16015625 1 0.71484375 0.39453125 0 0.92578125 0.91015625 1 0.53515625 0.05078125 0 0.85546875 0.84765625 1 0.96484375 0.96484375 0 0.16015625 0.53515625 1 0.18359375 0.41796875 0 0.35546875 0.33203125 1 0.16796875 0.17578125 0 0.14453125 0.28515625 1 0.93359375 0.47265625 0 0.30078125 0.44140625 1 0.60546875 0.14453125 0 0.83984375 0.15234375 1 0.08984375 0.96484375 0 0.14453125 0.92578125 1 0.71484375 0.65234375 0 0.70703125 0.55078125 1 0.44140625 0.26953125 0 0.91796875 0.17578125 1 0.03515625 0.83984375 0 0.6981998671397688 0.4444628985806935 1 0.44921875 0.16015625 0 0.08406788926054787 0.0647769385915617 1 0.69140625 0.83984375 0 0.53515625 0.28515625 1 0.83203125 0.34765625 0 0.52734375 0.16015625 1 0.16015625 0.68359375 0 0.56640625 0.79296875 1 0.58203125 0.92578125 0 0.4903178892605479 0.9274105614084382 1 0.69140625 0.19140625 0 0.81640625 0.71484375 1 0.06640625 0.41796875 0 0.70703125 0.08203125 1 0.36328125 0.83984375 0 0.83203125 0.48046875 1 0.27734375 0.71484375 0 0.27734375 0.28515625 1 0.42578125 0.06640625 0 0.69921875 0.29296875 1 0.31640625 0.91796875 0 0.46484375 0.79296875 1 0.08203125 0.62890625 0 0.91796875 0.69140625 1 0.90234375 0.35546875 0 0.66015625 0.73046875 1 0.83203125 0.20703125 0 0.79296875 0.91796875 1 0.34765625 0.18359375 0 0.33984375 0.08203125 1 0.77734375 0.84765625 0 0.21484375 0.59765625 1 0.15234375 0.76953125 0 0.67578125 0.91796875 1 0.84765625 0.09765625 0 0.91796875 0.79296875 1 0.78515625 0.27734375 0 0.91796875 0.27734375 1 0.19921875 0.32421875 0 0.08203125 0.34765625 1 0.77734375 0.41796875 0 0.07421875 0.71484375 1 0.79296875 0.65234375 0 0.91015625 0.60546875 1 0.56640625 0.84765625 0 0.58984375 0.22265625 1 0.37109375 0.73046875 0 0.23046875 0.91796875 1 0.79296875 0.77734375 0 0.7977246014193065 0.08101236713976884 1 0.78515625 0.52734375 0 0.62890625 0.07421875 1 0.91015625 0.54296875 0 0.09765625 0.22265625 1 0.97265625 0.60546875 0 0.21484375 0.23046875 1 0.44921875 0.60546875 0 0.76171875 0.16796875 1 0.06987646185092845 0.47048580182321975 0 0.22265625 0.77734375 1 0.39453125 0.94140625 0 0.91796875 0.41015625 1 0.8708927402570239 0.667868245128512 0 0.71484375 0.78515625 1
0.02631578947368421 0.015364330902525442 1 0 145 0.53515625 0.11328125 0 0.52734375 0.44140625 1 0.44921875 0.71484375 0 0.57421875 0.55859375 1 0.13671875 0.09765625 0 0.48828125 0.51171875 1 0.05859375 0.45703125 0 0.43359375 0.57421875 1 0.11328125 0.16015625 0 0.05859375 0.53515625 1 0.47265625 0.84765625 0 0.50390625 0.05859375 1 0.66015625 0.44921875 0 0.32421875 0.47265625 1 0.19140625 0.19921875 0 0.25390625 0.44140625 1 0.08984375 0.83984375 0 0.14453125 0.83984375 1 0.79296875 0.27734375 0 0.16015625 0.54296875 1 0.48828125 0.34765625 0 0.56640625 0.33984375 1 0.64453125 0.62109375 0 0.42578125 0.22265625 1 0.19140625 0.07421875 0 0.42578125 0.45703125 1 0.73046875 0.55078125 0 0.59765625 0.78515625 1 0.51953125 0.66796875 0 0.83203125 0.42578125 1 0.61328125 0.16796875 0 0.33984375 0.81640625 1 0.41796875 0.05859375 0 0.16796875 0.14453125 1 0.41015625 0.37890625 0 0.84765625 0.81640625 1 0.08984375 0.89453125 0 0.60546875 0.43359375 1 0.64453125 0.53515625 0 0.56640625 0.69921875 1 0.51953125 0.58203125 0 0.37109375 0.60546875 1 0.37673580182321975 0.47612646185092844 0 0.44921875 0.30078125 1 0.90234375 0.44921875 0 0.28515625 0.15234375 1 0.02734375 0.90234375 0 0.07319986713976884 0.9444628985806935 1 0.68359375 0.39453125 0 0.94140625 0.54296875 1 0.48046875 0.41015625 0 0.07421875 0.38671875 1 0.56640625 0.48046875 0 0.30859375 0.55859375 1 0.5602230614084382 0.4003071107394521 0 0.91015625 0.08984375 1 0.06640625 0.09765625 0 0.52734375 0.26953125 1 0.8772769385915618 0.13094288926054792 0 0.31640625 0.37890625 1 0.6163378985806935 0.6825748671397688 0 0.13691975974297604 0.918069254871488 1 0.21484375 0.67578125 0 0.83984375 0.17578125 1 0.61328125 0.28515625 0 0.71484375 0.16796875 1 0.16015625 0.48828125 0 0.83984375 0.65234375 1 0.23046875 0.14453125 0 0.16015625 0.28515625 1 0.38671875 0.14453125 0 0.57421875 0.62109375 1 0.60546875 0.05078125 0 0.83203125 0.08984375 1 0.35546875 0.33203125 0 0.91796875 0.16796875 1 0.02734375 0.18359375 0 0.20397460141930648 0.45805013286023116 1 0.69140625 0.66796875 0 0.34765625 0.20703125 1 0.38671875 0.66015625 0 0.47265625 0.16015625 1 0.7002376328602312 0.3445996014193065 0 0.4664730614084383 0.6153178892605479 1 0.91796875 0.72265625 0 0.33984375 0.08984375 1 0.83984375 0.71484375 0 0.14147460141930648 0.21586263286023116 1 0.95703125 0.03515625 0 0.83984375 0.53515625 1 0.47265625 0.94140625 0 0.71484375 0.81640625 1 0.33203125 0.71484375 0 0.08203125 0.26953125 1 0.20703125 0.84765625 0 0.15234375 0.41015625 1 0.08203125 0.66796875 0 0.58984375 0.91796875 1 0.30078125 0.92578125 0 0.82421875 0.90234375 1 0.16015625 0.70703125 0 0.92578125 0.29296875 1 0.71484375 0.89453125 0 0.28515625 0.27734375 1 0.84765625 0.33984375 0 0.70703125 0.08203125 1 0.16015625 0.78515625 0 0.91015625 0.90234375 1 0.28515625 0.83984375 0 0.21484375 0.33984375 1 0.54296875 0.83984375 0 0.21484375 0.59765625 1 0.44921875 0.77734375 0 0.71484375 0.27734375 1 0.76953125 0.44921875 0 0.72265625 0.73046875 1 0.41015625 0.92578125 0 0.92578125 0.64453125 1 0.78515625 0.64453125 0 0.6677677402570239 0.918069254871488 1 0.27734375 0.65234375 0 0.92578125 0.82421875 1 0.76953125 0.15234375 0 0.9352230614084382 0.4081196107394521 1 0.65234375 0.78515625 0 0.07421875 0.72265625 1 0.77734375 0.79296875 0 0.08203125 0.60546875 1 0.18686215218507624 0.9346808714036087 0 0.55078125 0.20703125 1 0.36338175487148805 0.8634822597429761 0 0.26953125 0.06640625 1 0.65234375 0.20703125 0 0.77734375 0.34765625 1 0.42578125 0.51171875 0 0.97265625 0.49609375 1 0.64453125 0.86328125 0 0.79296875 0.57421875 1 0.26171875 0.77734375 0 0.76171875 0.92578125 1 0.24609375 0.91796875 0 0.72265625 0.49609375 1 0.53515625 0.76953125 0 0.92578125 0.22265625 1 0.53515625 0.93359375 0
0.02631578947368421 0.019691278912352318 1 0 163 0.39453125 0.41015625 0 0.44921875 0.46484375 1 0.05859375 0.52734375 0 0.51171875 0.50390625 1 0.40214274025702396 0.48838175487148805 0 0.48828125 0.33984375 1 0.11328125 0.58203125 0 0.30859375 0.41796875 1 0.16015625 0.33203125 0 0.53515625 0.40234375 1 0.17578125 0.43359375 0 0.44921875 0.55859375 1 0.56640625 0.06640625 0 0.24609375 0.30859375 1 0.85546875 0.44921875 0 0.66796875 0.55078125 1 0.54296875 0.84765625 0 0.54296875 0.65234375 1 0.84765625 0.64453125 0 0.66796875 0.40234375 1 0.40234375 0.87109375 0 0.33984375 0.49609375 1 0.16796875 0.54296875 1 0.58203125 0.45703125 0 0.84765625 0.21484375 0 0.34765625 0.58203125 1 0.16015625 0.96484375 0 0.824118245128512 0.16776774025702396 1 0.13671875 0.84765625 0 0.14453125 0.16015625 1 0.21484375 0.82421875 0 0.44921875 0.66796875 1 0.46484375 0.40234375 0 0.08984375 0.37890625 1 0.06640625 0.84765625 0 0.33203125 0.32421875 1 0.46484375 0.26171875 0 0.58203125 0.35546875 1 0.27734375 0.54296875 0 0.02734375 0.30859375 1 0.44921875 0.07421875 0 0.36328125 0.08203125 1 0.24609375 0.66015625 0 0.25390625 0.47265625 0 0.48828125 0.62109375 1 0.51171875 0.94921875 0 0.05078125 0.44921875 1 0.84765625 0.32421875 0 0.21484375 0.59765625 1 0.52734375 0.29296875 0 0.15234375 0.76953125 1 0.46484375 0.80078125 0 0.16015625 0.64453125 1 0.07421875 0.94140625 0 0.36328125 0.66015625 1 0.93359375 0.53515625 0 0.50390625 0.05859375 1 0.44921875 0.93359375 0 0.39453125 0.34765625 1 0.26953125 0.60546875 0 0.81640625 0.82421875 1 0.91796875 0.44921875 0 0.96484375 0.91796875 1 0.50390625 0.16796875 0 0.08203125 0.08984375 1 0.73046875 0.84765625 0 0.16015625 0.71484375 1 0.27734375 0.87109375 0 0.16015625 0.08203125 1 0.2789730614084383 0.7012553892605479 0 0.24609375 0.37890625 1 0.32421875 0.77734375 0 0.37890625 0.73046875 1 0.66796875 0.78515625 0 0.69140625 0.48046875 1 0.64453125 0.24609375 0 0.64453125 0.33203125 1 0.48828125 0.72265625 0 0.14453125 0.48046875 1 0.32421875 0.16015625 0 0.80859375 0.90234375 1 0.58984375 0.51171875 0 0.60546875 0.56640625 1 0.87109375 0.51171875 0 0.09745524025702396 0.18369425487148802 1 0.73046875 0.36328125 0 0.08203125 0.25390625 1 0.86328125 0.58984375 0 0.3805355614084383 0.5409321107394521 1 0.67578125 0.13671875 0 0.08203125 0.64453125 1 0.23828125 0.91015625 0 0.16796875 0.22265625 1 0.61328125 0.94140625 0 0.55078125 0.55078125 1 0.19140625 0.12890625 0 0.78515625 0.46484375 1 0.31640625 0.24609375 0 0.37890625 0.93359375 1 0.25390625 0.04296875 0 0.75390625 0.53515625 1 0.92578125 0.38671875 0 0.62890625 0.62109375 1 0.59765625 0.18359375 0 0.96484375 0.02734375 1 0.35429150493466605 0.4440819229296251 0 0.5587947597429761 0.925680745128512 1 0.730368245128512 0.5822322597429761 0 0.58203125 0.69140625 1 0.1149105614084383 0.29500538926054787 0 0.53515625 0.21484375 1 0.41015625 0.12890625 0 0.30078125 0.94140625 1 0.32441975974297604 0.847555745128512 0 0.93359375 0.83203125 1 0.19140625 0.28515625 0 0.6442303726302541 0.5038059512256325 1 0.76953125 0.78515625 0 0.07421875 0.73828125 1 0.24609375 0.18359375 0 0.25390625 0.78515625 1 0.83984375 0.73046875 0 0.23046875 0.73046875 1 0.41015625 0.29296875 0 0.38671875 0.79296875 1 0.19140625 0.37890625 0 0.67578125 0.66796875 1 0.03515625 0.19921875 0 0.831930745128512 0.40214274025702396 1 0.10546875 0.44140625 0 0.4522753985806935 0.8544498671397688 1 0.38671875 0.21484375 0 0.58203125 0.78515625 1 0.71484375 0.71484375 0 0.92578125 0.06640625 1 0.34235386165239073 0.9736832105263158 0 0.23016787263025407 0.5196315487743675 1 0.027142740257023956 0.714743245128512 0 0.63671875 0.44921875 1 0.04296875 0.12890625 0 0.43359375 0.72265625 1 0.49147062238450057 0.8895771044011938 0 0.85546875 0.10546875 1 0.62890625 0.84765625 0 0.13993675811680875 0.39505473724501483 0 0.94140625 0.61328125 1 0.1272769385915617 0.04093211073945212 0 0.51953125 0.76953125 1 0.22265625 0.97265625 0 0.83203125 0.95703125 0 0.88671875 0.93359375 1 0.85546875 0.87109375 0 0.03515625 0.04296875 1 0.9736832105263158 0.5717086383476093 0 0.91796875 0.29296875 1 0.12129475974297604 0.917868245128512 0 0.93359375 0.16015625 1 0.8634822597429761 0.800680745128512 0 0.7633480614084382 0.4043803892605479 1 0.5509822597429761 0.14443074512851198 0 0.71484375 0.91015625 1 0.08984375 0.79296875 0 0.02734375 0.78515625 0
0.02631578947368421 0.01296724241821921 0 0 179 0.05078125 0.46484375 0 0.51171875 0.44140625 1 0.46484375 0.23828125 0 0.43359375 0.46484375 1 0.55859375 0.85546875 0 0.56640625 0.50390625 1 0.30078125 0.41015625 0 0.62109375 0.69921875 1 0.48046875 0.05859375 0 0.03515625 0.80078125 1 0.42578125 0.84765625 0 0.56640625 0.05859375 1 0.16015625 0.30078125 0 0.06640625 0.54296875 1 0.16015625 0.49609375 0 0.48828125 0.82421875 1 0.51171875 0.94140625 0 0.37109375 0.48828125 1 0.42578125 0.92578125 0 0.50390625 0.55859375 1 0.12109375 0.42578125 0 0.5616503985806935 0.9247623671397688 1 0.07421875 0.65234375 0 0.51953125 0.12109375 1 0.69921875 0.44140625 0 0.16015625 0.58203125 1 0.57421875 0.16015625 0 0.45703125 0.15234375 1 0.52734375 0.73828125 0 0.41015625 0.55859375 1 0.08203125 0.96484375 0 0.17578125 0.83203125 1 0.15234375 0.17578125 0 0.14453125 0.92578125 1 0.05859375 0.85546875 0 0.90234375 0.91015625 1 0.16796875 0.77734375 0 0.18359375 0.41796875 1 0.31640625 0.22265625 0 0.83984375 0.83203125 1 0.40234375 0.08984375 0 0.16796875 0.66015625 1 0.46484375 0.62109375 0 0.55859375 0.61328125 1 0.36328125 0.65234375 0 0.4774121014193065 0.7216373671397688 1 0.29296875 0.83984375 0 0.62890625 0.44921875 1 0.26171875 0.48828125 0 0.82421875 0.18359375 1 0.08203125 0.07421875 0 0.12089274025702396 0.800881754871488 1 0.10556925487148802 0.12129475974297604 0 0.33203125 0.35546875 1 0.34765625 0.70703125 0 0.51171875 0.67578125 1 0.34765625 0.55859375 0 0.59765625 0.38671875 1 0.14453125 0.07421875 0 0.06640625 0.91015625 1 0.36328125 0.16015625 0 0.17578125 0.35546875 1 0.91015625 0.83203125 0 0.29296875 0.58203125 1 0.05859375 0.30078125 0 0.41015625 0.69140625 1 0.48046875 0.29296875 0 0.84765625 0.69921875 1 0.79296875 0.47265625 0 0.1272769385915617 0.6231303892605479 1 0.73046875 0.63671875 0 0.27734375 0.66015625 1 0.55078125 0.33203125 0 0.91015625 0.17578125 1 0.23046875 0.19921875 0 0.11905711073945208 0.5289730614084382 1 0.76953125 0.30859375 0 0.34765625 0.78515625 1 0.72265625 0.15234375 0 0.71484375 0.83203125 1 0.35546875 0.30078125 0 0.26069986713976884 0.7100878985806935 1 0.71484375 0.69921875 0 0.27734375 0.34765625 1 0.69921875 0.23828125 0 0.66015625 0.57421875 1 0.85546875 0.55859375 0 0.91796875 0.34765625 1 0.60546875 0.23046875 0 0.84765625 0.08984375 1 0.07421875 0.17578125 0 0.20125538926054787 0.2679019385915617 1 0.65234375 0.04296875 0 0.93359375 0.65234375 1 0.91015625 0.53515625 0 0.33984375 0.93359375 1 0.8310123671397688 0.6492871014193065 0 0.29296875 0.08203125 1 0.85546875 0.31640625 0 0.13661824512851198 0.25370524025702396 1 0.29296875 0.15234375 0 0.06742513286023116 0.4149121014193065 1 0.64453125 0.15234375 0 0.36328125 0.41015625 1 0.07523763286023116 0.3507128985806935 0 0.66796875 0.33203125 1 0.66796875 0.91015625 1 0.76953125 0.83984375 0 0.80859375 0.92578125 1 0.73046875 0.51953125 0 0.93359375 0.76953125 1 0.27734375 0.77734375 0 0.92578125 0.06640625 1 0.92578125 0.96484375 0 0.41796875 0.34765625 1 0.23828125 0.94140625 0 0.26953125 0.26953125 1 0.8408626328602312 0.23352539858069352 0 0.78515625 0.40234375 1 0.46484375 0.38671875 0 0.58984375 0.79296875 1 0.07421875 0.73828125 0 0.21484375 0.08984375 1 0.94921875 0.23046875 0 0.77734375 0.07421875 1 0.52734375 0.23046875 0 0.67578125 0.77734375 1 0.60546875 0.64453125 0 0.78515625 0.73828125 1 0.83984375 0.77734375 0 0.85546875 0.41796875 1 0.20703125 0.71484375 0 0.78515625 0.58203125 1 0.30078125 0.89453125 0 0.933694254871488 0.48808024025702396 1 0.6208927402570239 0.933694254871488 0 0.72265625 0.94140625 1 0.71484375 0.05859375 0 0.9430355614084382 0.5762553892605479 1 0.20703125 0.88671875 0 0.40234375 0.22265625 1 0.8947322597429761 0.722756754871488 0 0.22265625 0.55859375 1 0.14453125 0.72265625 0 0.41796875 0.77734375 1 0.23066975974297604 0.39443074512851195 0 0.7555355614084382 0.19344288926054792 1 0.63671875 0.51953125 0 0.73046875 0.34765625 1 0.95703125 0.90234375 0 0.60546875 0.30078125 1 0.03209960141930648 0.09086263286023116 0 0.91015625 0.26953125 1 0.33203125 0.04296875 0 0.06640625 0.23046875 1 0.97265625 0.09765625 0 0.84765625 0.49609375 1 0.64453125 0.83984375 0 0.47285725974297604 0.902243245128512 1 0.84765625 0.96484375 0 0.37109375 0.86328125 1 0.66015625 0.65234375 0 0.65234375 0.09765625 1 0.23046875 0.03515625 0 0.7861751328602312 0.2586621014193065 1 0.9502376328602312 0.7195996014193065 0 0.22741210141930648 0.7939876328602312 1 0.9572322597429761 0.29306925487148805 0 0.05068074512851198 0.6052677402570239 1 0.84765625 0.02734375 0 0.3147769385915617 0.5174946107394521 1 0.8643001328602312 0.13977539858069352 0 0.21382486713976884 0.14928710141930648 1 0.44921875 0.51953125 0 0.40234375 0.03515625 1 0.73828125 0.77734375 0 0.9679003985806935 0.40913736713976884 1 0.9152787739617505 0.41021114044639445 0 0.5149367581168087 0.37057026275498517 1
0.02631578947368421 0.025231721767298914 1 0 194 0.72265625 0.04296875 0 0.48828125 0.46484375 1 0.15234375 0.97265625 0 0.86328125 0.26953125 1 0.51953125 0.53515625 0 0.46474324512851195 0.5119197597429761 1 0.21484375 0.90234375 0 0.22265625 0.79296875 1 0.54296875 0.48046875 0 0.52734375 0.41015625 1 0.76953125 0.54296875 0 0.46484375 0.66015625 1 0.59765625 0.48828125 0 0.50390625 0.58984375 1 0.03515625 0.48828125 0 0.33984375 0.42578125 1 0.49609375 0.05078125 0 0.51953125 0.16015625 1 0.35546875 0.62109375 0 0.58984375 0.57421875 1 0.8194628985806935 0.5263248671397688 0 0.15234375 0.48828125 0 0.96484375 0.90234375 1 0.40234375 0.40234375 0 0.64453125 0.55859375 1 0.41015625 0.34765625 0 0.54296875 0.93359375 1 0.37890625 0.77734375 0 0.68359375 0.48828125 1 0.40234375 0.57421875 0 0.58203125 0.64453125 1 0.39453125 0.47265625 0 0.65234375 0.44140625 1 0.08984375 0.64453125 0 0.90234375 0.10546875 1 0.53515625 0.33984375 0 0.18359375 0.14453125 1 0.78515625 0.42578125 0 0.46484375 0.93359375 1 0.94921875 0.44921875 0 0.925680745128512 0.49629475974297604 1 0.58984375 0.33203125 0 0.05078125 0.23828125 1 0.16796875 0.83203125 0 0.67578125 0.30078125 1 0.47265625 0.79296875 0 0.51171875 0.26953125 1 0.61328125 0.78515625 0 0.83203125 0.66796875 1 0.28515625 0.32421875 0 0.81640625 0.84765625 1 0.16015625 0.33984375 0 0.37890625 0.16015625 1 0.26953125 0.51953125 0 0.3852067349259266 0.5244552511595441 1 0.66015625 0.36328125 0 0.02734375 0.11328125 1 0.67578125 0.91015625 0 0.83203125 0.16015625 1 0.73046875 0.66015625 0 0.62890625 0.69140625 1 0.26953125 0.83984375 0 0.47265625 0.34765625 1 0.71484375 0.57421875 0 0.52734375 0.73046875 1 0.56640625 0.06640625 0 0.65234375 0.14453125 1 0.37109375 0.09765625 0 0.91015625 0.03515625 1 0.84765625 0.44921875 0 0.16015625 0.41015625 1 0.92578125 0.55078125 0 0.6788378985806935 0.6747623671397688 1 0.80078125 0.33984375 0 0.71484375 0.38671875 1 0.32421875 0.21484375 0 0.12109375 0.03515625 1 0.23828125 0.66796875 0 0.29296875 0.09765625 1 0.19921875 0.58203125 0 0.66015625 0.03515625 1 0.42578125 0.85546875 0 0.87109375 0.55859375 1 0.04296875 0.91796875 0 0.5596126328602312 0.8836621014193065 1 0.91015625 0.37890625 0 0.93359375 0.15234375 1 0.70703125 0.82421875 0 0.93359375 0.65234375 1 0.08984375 0.95703125 0 0.7861751328602312 0.5929003985806935 1 0.12109375 0.90234375 0 0.808493245128512 0.11308024025702396 1 0.32421875 0.90234375 0 0.37109375 0.30859375 1 0.27734375 0.16015625 0 0.5878071107394521 0.7242855614084382 1 0.07421875 0.83984375 0 0.91015625 0.95703125 1 0.84765625 0.79296875 0 0.83203125 0.91796875 1 0.16015625 0.08984375 0 0.91015625 0.83984375 1 0.15234375 0.25390625 0 0.69921875 0.22265625 1 0.05078125 0.56640625 0 0.16015625 0.68359375 1 0.33203125 0.73828125 0 0.44921875 0.19921875 1 0.59765625 0.23046875 0 0.90234375 0.73046875 1 0.41015625 0.70703125 0 0.79296875 0.72265625 1 0.09765625 0.14453125 0 0.08203125 0.73828125 1 0.25390625 0.41796875 0 0.76953125 0.19140625 1 0.5165632734554989 0.8533810673964538 0 0.58203125 0.41015625 1 0.22265625 0.21484375 0 0.92578125 0.29296875 1 0.73046875 0.91015625 0 0.08984375 0.33203125 1 0.22265625 0.04296875 0 0.42578125 0.08203125 1 0.38671875 0.97265625 0 0.14928710141930648 0.5986751328602312 1 0.2882128985806935 0.6846126328602312 0 0.70703125 0.76953125 1 0.76171875 0.26953125 0 0.92578125 0.22265625 1 0.16796875 0.75390625 0 0.27734375 0.59765625 1 0.95703125 0.79296875 0 0.62109375 0.91796875 1 0.21484375 0.33203125 0 0.72265625 0.11328125 1 0.59765625 0.15234375 0 0.33984375 0.83984375 1 0.41015625 0.26953125 1 0.58203125 0.83203125 0 0.27714274025702396 0.925881754871488 1 0.77734375 0.79296875 0 0.20227539858069352 0.47163736713976884 1 0.10546875 0.45703125 0 0.32421875 0.52734375 1 0.12109375 0.53515625 0 0.27734375 0.26953125 1 0.08203125 0.07421875 0 0.35444986713976884 0.04772460141930648 1 0.04874461073945212 0.2991519385915617 0 0.11328125 0.19921875 1 0.90234375 0.60546875 0 0.85546875 0.34765625 1 0.65234375 0.85546875 0 0.7802322488404559 0.9272932650740734 1 0.73828125 0.45703125 0 0.28515625 0.76953125 1 0.33984375 0.37109375 0 0.04874461073945208 0.6774105614084382 1 0.83203125 0.22265625 0 0.38671875 0.91015625 1 0.05068074512851198 0.7927677402570239 0 0.3965678892605479 0.6539730614084382 1 0.6435123671397688 0.08508789858069352 0 0.47944986713976884 0.10071289858069352 1 0.040819576040706324 0.351184449502286 0 0.6591373671397688 0.9600878985806935 0 0.4512553892605479 0.7399105614084382 1 0.5361751328602312 0.21008789858069352 0 0.28515625 0.46484375 1 0.97265625 0.72265625 0 0.77734375 0.04296875 1 0.6682859081328034 0.7263266006854455 0 0.9600878985806935 0.36226236713976884 1 0.9664730614084382 0.11124461073945208 0 0.6069807650740734 0.2822677511595441 1 0.23046875 0.96484375 0 0.23046875 0.72265625 1 0.88671875 0.89453125 0 0.84765625 0.02734375 0 0.23046875 0.10546875 0 0.6819644385915618 0.6153178892605479 1 0.05655711073945212 0.1774105614084383 0 0.7450748671397688 0.3194628985806935 1 0.5147753985806935 0.6435123671397688 0 0.52734375 0.80078125 1 0.8486751328602312 0.7179003985806935 0 0.20227539858069352 0.27055013286023116 1 0.10546875 0.38671875 0 0.05859375 0.41796875 0 0.8342712531804706 0.6142768243060581 0 0.3992871014193065 0.21586263286023116 0 0.29296875 0.03515625 0
0.02631578947368421 0.011389448804418459 1 0 203 0.39453125 0.11328125 0 0.50390625 0.51953125 1 0.58984375 0.45703125 0 0.45703125 0.44921875 1 0.82421875 0.83203125 0 0.43359375 0.57421875 1 0.44160725974297604 0.08974324512851198 1 0.51953125 0.19140625 0 0.61328125 0.58203125 1 0.5399121014193065 0.44038736713976884 0 0.49609375 0.36328125 1 0.49609375 0.76953125 0 0.66796875 0.48828125 1 0.17578125 0.58984375 0 0.29296875 0.41796875 1 0.53515625 0.94921875 0 0.66015625 0.32421875 1 0.15234375 0.16796875 0 0.51171875 0.64453125 1 0.80859375 0.49609375 0 0.33203125 0.68359375 1 0.92578125 0.88671875 0 0.66796875 0.41796875 1 0.92578125 0.44140625 0 0.82421875 0.16015625 1 0.36328125 0.86328125 0 0.18359375 0.81640625 1 0.40234375 0.40234375 0 0.81640625 0.65234375 1 0.69921875 0.83203125 0 0.16015625 0.41796875 1 0.81640625 0.33984375 1 0.85546875 0.94921875 0 0.39453125 0.26171875 1 0.90234375 0.76171875 0 0.37880574512851195 0.44941975974297604 1 0.89453125 0.82421875 0 0.66015625 0.66796875 1 0.58984375 0.09765625 0 0.4826752943386623 0.05682509054629871 0 0.66015625 0.78515625 1 0.8330501328602312 0.7022753985806935 0 0.37109375 0.62890625 1 0.33984375 0.15234375 0 0.91796875 0.53515625 1 0.72265625 0.15234375 0 0.47265625 0.26171875 0 0.59765625 0.38671875 1 0.08203125 0.44140625 0 0.54296875 0.83203125 1 0.93359375 0.65234375 0 0.14453125 0.72265625 1 0.28515625 0.83203125 0 0.07421875 0.58203125 1 0.26171875 0.52734375 1 0.58984375 0.29296875 0 0.64453125 0.92578125 1 0.28525675487148805 0.5744197597429761 0 0.58203125 0.53515625 1 0.85546875 0.43359375 0 0.44140625 0.93359375 0 0.15234375 0.64453125 0 0.41796875 0.67578125 1 0.79296875 0.89453125 0 0.43359375 0.33984375 1 0.91796875 0.94140625 0 0.34765625 0.33203125 1 0.05859375 0.51953125 0 0.77734375 0.79296875 1 0.10546875 0.34765625 0 0.16015625 0.53515625 1 0.72265625 0.29296875 0 0.91015625 0.17578125 1 0.85546875 0.22265625 0 0.76171875 0.73046875 1 0.64453125 0.12890625 0 0.91015625 0.33984375 1 0.9292514618509284 0.38888919817678025 0 0.07421875 0.83203125 1 0.28515625 0.34765625 0 0.8524121014193065 0.7783626328602312 0 0.84765625 0.08203125 1 0.29296875 0.23046875 0 0.72265625 0.91796875 1 0.26171875 0.65234375 0 0.5399121014193065 0.27632486713976884 1 0.23046875 0.47265625 0 0.79296875 0.56640625 1 0.21494425487148802 0.34004475974297604 0 0.4913378985806935 0.9169498671397688 1 0.72265625 0.45703125 0 0.16796875 0.08984375 1 0.45703125 0.85546875 0 0.08984375 0.91796875 1 0.04296875 0.08203125 0 0.32421875 0.49609375 1 0.34765625 0.76171875 0 0.70703125 0.59765625 1 0.66015625 0.22265625 0 0.57421875 0.64453125 1 0.20703125 0.68359375 0 0.79296875 0.41796875 1 0.62109375 0.83984375 0 0.06640625 0.21484375 1 0.41796875 0.20703125 0 0.91015625 0.70703125 0 0.06640625 0.69921875 1 0.95703125 0.83203125 0 0.93359375 0.08984375 1 0.46484375 0.71484375 0 0.28515625 0.06640625 1 0.53515625 0.71484375 0 0.21484375 0.16796875 0 0.87109375 0.60546875 0 0.0992855614084383 0.25594288926054787 1 0.78515625 0.23046875 0 0.93359375 0.27734375 1 0.59765625 0.72265625 0 0.5285133738321279 0.08269126218034022 1 0.26953125 0.76953125 0 0.58203125 0.18359375 1 0.70703125 0.71484375 0 0.09765625 0.08203125 1 0.08203125 0.97265625 0 0.37788736713976884 0.06334960141930648 1 0.7715678892605479 0.04133943859156168 0 0.07421875 0.76953125 1 0.73828125 0.37109375 0 0.058392740257023956 0.37119425487148805 1 0.71484375 0.53515625 0 0.26191975974297604 0.14443074512851198 1 0.46484375 0.14453125 0 0.06640625 0.14453125 1 0.933694254871488 0.22285725974297604 0 0.16005574512851198 0.8634822597429761 0 0.5680355614084382 0.9081196107394521 1 0.9650447597429761 0.558694254871488 0 0.29296875 0.29296875 1 0.05078125 0.64453125 0 0.84765625 0.28515625 1 0.15234375 0.93359375 0 0.05078125 0.28515625 1 0.5431697597429761 0.33974324512851195 0 0.20906788926054787 0.05696443859156168 1 0.1507144385915617 0.7753071107394521 0 0.73828125 0.66015625 1 0.8768696107394521 0.5022769385915618 0 0.22265625 0.39453125 1 0.2164730614084383 0.7753071107394521 0 0.7393001328602312 0.20227539858069352 1 0.75390625 0.97265625 0 0.90234375 0.02734375 1 0.58203125 0.78515625 0 0.02734375 0.91015625 1 0.78515625 0.10546875 0 0.16015625 0.48046875 1 0.2909321107394521 0.7164730614084382 0 0.16015625 0.24609375 0 0.23046875 0.59765625 1 0.3024105614084383 0.8924946107394521 0 0.9512553892605479 0.7399105614084382 1 0.08203125 0.02734375 0 0.35648763286023116 0.20227539858069352 1 0.57421875 0.02734375 0 0.598395771554879 0.9511131665341027 0 0.949319254871488 0.48848225974297604 1 0.33966081550327526 0.027170614194213245 0 0.23046875 0.85546875 0 0.6127886340762329 0.24560177959400695 1 0.8924946107394521 0.1227230614084383 0 0.1585269385915617 0.33406788926054787 0 0.49153652004422566 0.3108473415282556 1 0.71484375 0.76953125 0 0.8461748163683888 0.5450322653377007 1 0.8721126328602312 0.8992871014193065 0 0.9502376328602312 0.13977539858069352 0 0.792868245128512 0.29276774025702396 0 0.3354820311225181 0.5901520427305399 1 0.40234375 0.51953125 0 0.9319853962580079 0.5996487033797969 1 0.65234375 0.54296875 0 0.11308024025702396 0.511618245128512 0 0.9728572597429761 0.910256754871488 1 0.6774105614084382 0.8846821107394521 0 0.22265625 0.96484375 0 0.40132486713976884 0.7274121014193065 0 0.40182026275498517 0.8274367581168087 0 0.41796875 0.77734375 1 0.24303710141930648 0.27632486713976884 0 0.20723225974297604 0.22255574512851198 1 0.7459934512256325 0.8707928726302541 0 0.5361751328602312 0.14147460141930648 1 0.8575053892605479 0.3727230614084383 0 0.33880032750882144 0.09859717863448139 1 0.49609375 0.58203125 1 0.3887553892605479 0.9664730614084382 0 0.9736842105263158 0.36067902363561627 1 0.30363166168785194 0.9736842105263158 0 0.68359375 0.02734375 0 0.67578125 0.08203125 0 0.03186740041167663 0.8007810748746867 0 0.10225074188319125 0.6606797372450148 1 0.2480886685458923 0.9187634932619886 0
0.02631578947368421 0.017512823113335386 0 0 209 0.48046875 0.76953125 0 0.50390625 0.45703125 1 0.5450053892605479 0.4899105614084383 0 0.43359375 0.42578125 1 0.44921875 0.94140625 0 0.08984375 0.91015625 1 0.70703125 0.56640625 0 0.44921875 0.49609375 1 0.73828125 0.44140625 0 0.58984375 0.57421875 1 0.44921875 0.83203125 0 0.77734375 0.14453125 1 0.08203125 0.55859375 0 0.08203125 0.80078125 1 0.47265625 0.60546875 0 0.33203125 0.54296875 1 0.48828125 0.53515625 0 0.52734375 0.62109375 1 0.62109375 0.52734375 0 0.58984375 0.67578125 1 0.40234375 0.59765625 1 0.90234375 0.94921875 0 0.45703125 0.66015625 1 0.89453125 0.48828125 0 0.64453125 0.64453125 1 0.19140625 0.51953125 0 0.66796875 0.48828125 1 0.16015625 0.78515625 0 0.36328125 0.46484375 1 0.84765625 0.77734375 0 0.60546875 0.43359375 1 0.54296875 0.54296875 0 0.67578125 0.37890625 1 0.527444254871488 0.40995524025702396 0 0.46484375 0.37890625 1 0.53515625 0.33984375 0 0.16796875 0.83984375 1 0.50390625 0.88671875 0 0.16015625 0.16015625 1 0.51171875 0.08203125 0 0.40234375 0.52734375 0 0.08203125 0.06640625 1 0.37890625 0.65234375 0 0.51171875 0.71484375 1 0.94140625 0.55078125 0 0.5205501328602312 0.9366503985806935 1 0.04296875 0.51171875 0 0.93359375 0.44140625 1 0.16796875 0.08984375 1 0.43359375 0.26171875 0 0.55078125 0.77734375 1 0.23046875 0.15234375 0 0.29296875 0.44140625 1 0.6599552402570239 0.589944254871488 0 0.74609375 0.49609375 1 0.44921875 0.05859375 0 0.82421875 0.44140625 1 0.80859375 0.30859375 0 0.5538378985806935 0.8700748671397688 1 0.83984375 0.16015625 0 0.80859375 0.67578125 1 0.16796875 0.92578125 1 0.92578125 0.16015625 0 0.91015625 0.08984375 1 0.5762553892605479 0.3069644385915617 1 0.5412807570530848 0.26763298211454256 0 0.81640625 0.53515625 1 0.34765625 0.83984375 0 0.40254475974297604 0.30849324512851195 1 0.47265625 0.30859375 0 0.65234375 0.30859375 1 0.62109375 0.37890625 0 0.5587947597429761 0.05849324512851198 1 0.33203125 0.11328125 0 0.66796875 0.71484375 1 0.91015625 0.85546875 0 0.28515625 0.16796875 1 0.85546875 0.90234375 0 0.93359375 0.38671875 1 0.15234375 0.38671875 0 0.48046875 0.21484375 1 0.33984375 0.21484375 1 0.43359375 0.72265625 0 0.18359375 0.65234375 1 0.08203125 0.44140625 0 0.32421875 0.28515625 1 0.68359375 0.43359375 0 0.83203125 0.09765625 1 0.93359375 0.32421875 0 0.68359375 0.18359375 1 0.27734375 0.82421875 0 0.16796875 0.29296875 1 0.95703125 0.96484375 0 0.26953125 0.08203125 1 0.71484375 0.83984375 1 0.37890625 0.90234375 0 0.28515625 0.61328125 1 0.21484375 0.42578125 0 0.08203125 0.34765625 1 0.87890625 0.55859375 0 0.39453125 0.79296875 1 0.13671875 0.70703125 0 0.54296875 0.16015625 1 0.27734375 0.73828125 0 0.27734375 0.50390625 1 0.34867513286023116 0.5929003985806935 0 0.29296875 0.34765625 1 0.32421875 0.91015625 0 0.77734375 0.38671875 1 0.85546875 0.24609375 0 0.16015625 0.46484375 1 0.62109375 0.87109375 0 0.22265625 0.77734375 1 0.4418038931489838 0.5628268734722371 0 0.22265625 0.33984375 1 0.05859375 0.61328125 0 0.33203125 0.73046875 1 0.6917071273697459 0.6678684512256325 0 0.8065571107394521 0.7444644385915618 1 0.43359375 0.14453125 0 0.73046875 0.09765625 1 0.6539730614084382 0.8299946107394521 0 0.59765625 0.93359375 1 0.12109375 0.62890625 0 0.85546875 0.39453125 1 0.7997623671397688 0.5850878985806935 0 0.89453125 0.66015625 1 0.3897753985806935 0.19819986713976884 0 0.70703125 0.92578125 1 0.23046875 0.61328125 0 0.08984375 0.22265625 1 0.72265625 0.27734375 0 0.73828125 0.71484375 1 0.5635558383121481 0.9736842105263158 0 0.03515625 0.89453125 1 0.58984375 0.21484375 0 0.16015625 0.58984375 1 0.91015625 0.73046875 0 0.20703125 0.22265625 1 0.95703125 0.60546875 0 0.07421875 0.70703125 1 0.7758623163683888 0.7872197653377007 0 0.76953125 0.91015625 1 0.78515625 0.85546875 0 0.92578125 0.79296875 1 0.23046875 0.91796875 0 0.66015625 0.77734375 1 0.79296875 0.25390625 0 0.67578125 0.06640625 1 0.22265625 0.69921875 0 0.04296875 0.16015625 1 0.22265625 0.83203125 0 0.27734375 0.66796875 1 0.96484375 0.87890625 0 0.67578125 0.24609375 1 0.9736832105263158 0.5092086383476093 0 0.8481923053202692 0.6056968639716072 1 0.3994552511595441 0.8491682650740734 0 0.6032917228306142 0.8157963613188042 1 0.3838302511595441 0.7397932650740734 0 0.94921875 0.66796875 1 0.6475878985806935 0.9169498671397688 0 0.03515625 0.27734375 1 0.91015625 0.03515625 0 0.37109375 0.05078125 1 0.96484375 0.08203125 0 0.7416387779824094 0.6512245744613127 1 0.91796875 0.24609375 0 0.78515625 0.03515625 1 0.80078125 0.19921875 0 0.73046875 0.33984375 1 0.4907913616523908 0.02631678947368421 0 0.3184428892605479 0.7913394385915618 1 0.04093211073945212 0.4085269385915617 1 0.84765625 0.83203125 0 0.09867513286023116 0.5086621014193065 1 0.855569254871488 0.050580240257023956 0 0.7335253985806935 0.20023763286023116 1 0.97265625 0.19921875 0 0.10648763286023116 0.9600878985806935 1 0.51953125 0.82421875 0 0.03209960141930649 0.8174251328602312 1 0.97265625 0.27734375 0 0.613381754871488 0.16776774025702396 1 0.25390625 0.55859375 0 0.39555013286023116 0.9522753985806935 1 0.28042540813679345 0.25286358023812616 1 0.20703125 0.04296875 0 0.4835253985806935 0.12788736713976884 1 0.10556925487148802 0.8478572597429761 0 0.15710273375869516 0.02631678947368421 1 0.30078125 0.96484375 0 0.87109375 0.32421875 1 0.38773763286023116 0.10071289858069352 0 0.02734375 0.04296875 1 0.83984375 0.96484375 0 0.22265625 0.97265625 1 0.7606753275088214 0.5498403213655186 0 0.14453125 0.23046875 1 0.62890625 0.02734375 1 0.03515625 0.10546875 1 0.11328125 0.30078125 0 0.58984375 0.11328125 1 0.10546875 0.16796875 0 0.96484375 0.73046875 1 0.02734375 0.67578125 0 0.26171875 0.02734375 1 0.3792234081328034 0.24976410068544558 0 0.2690332970915603 0.3945314295806569 1
0.02631578947368421 0.016887009396419343 0 0 215 0.42578125 0.21484375 0 0.48828125 0.56640625 1 0.22265625 0.63671875 0 0.54296875 0.49609375 1 0.37109375 0.91796875 0 0.43359375 0.50390625 1 0.07421875 0.44921875 0 0.07421875 0.52734375 1 0.45703125 0.37109375 0 0.51171875 0.95703125 0 0.24609375 0.42578125 1 0.12890625 0.87109375 0 0.39453125 0.76953125 1 0.85546875 0.15234375 0 0.14453125 0.23046875 1 0.62109375 0.61328125 0 0.55078125 0.07421875 0 0.53515625 0.79296875 1 0.19140625 0.97265625 0 0.08984375 0.83203125 0 0.80078125 0.59765625 1 0.54296875 0.16015625 0 0.80859375 0.41796875 1 0.40913736713976884 0.16491210141930648 0 0.08984375 0.05078125 1 0.70703125 0.16015625 0 0.53515625 0.66796875 1 0.65234375 0.83203125 0 0.17578125 0.14453125 0 0.58203125 0.30078125 1 0.92578125 0.44921875 0 0.36328125 0.64453125 1 0.25390625 0.80859375 0 0.31640625 0.29296875 1 0.72265625 0.30078125 0 0.31640625 0.52734375 1 0.67578125 0.55078125 1 0.78515625 0.72265625 0 0.08203125 0.16015625 0 0.36328125 0.41015625 1 0.08203125 0.67578125 0 0.16796875 0.33984375 1 0.92578125 0.30078125 0 0.19140625 0.53515625 1 0.89453125 0.08984375 0 0.67578125 0.71484375 1 0.41015625 0.87109375 0 0.54296875 0.38671875 1 0.44921875 0.06640625 0 0.91796875 0.79296875 1 0.71484375 0.87890625 0 0.35546875 0.06640625 1 0.82421875 0.48046875 0 0.16015625 0.65234375 1 0.27734375 0.67578125 0 0.90234375 0.94140625 1 0.58984375 0.93359375 0 0.06640625 0.33984375 1 0.93359375 0.54296875 0 0.45703125 0.68359375 1 0.27734375 0.89453125 0 0.05078125 0.28515625 1 0.16015625 0.48046875 0 0.49609375 0.44921875 1 0.48046875 0.28515625 1 0.82421875 0.07421875 0 0.37890625 0.46484375 1 0.71484375 0.39453125 0 0.60546875 0.48828125 1 0.16796875 0.06640625 0 0.58984375 0.83984375 1 0.23828125 0.08203125 0 0.90234375 0.23046875 0 0.76953125 0.92578125 1 0.83203125 0.34765625 0 0.74609375 0.51171875 1 0.57421875 0.22265625 0 0.74609375 0.08203125 0 0.28515625 0.21484375 1 0.29296875 0.58984375 0 0.17578125 0.73046875 1 0.70703125 0.77734375 0 0.16015625 0.40234375 0 0.32421875 0.78515625 1 0.69921875 0.66015625 0 0.58203125 0.70703125 0 0.30078125 0.35546875 1 0.88671875 0.84765625 0 0.08984375 0.73828125 0 0.08203125 0.59765625 0 0.4444628985806935 0.7861751328602312 0 0.40234375 0.31640625 1 0.83984375 0.54296875 0 0.47265625 0.15234375 0 0.81640625 0.66015625 0 0.41015625 0.60546875 1 0.28515625 0.48046875 0 0.66796875 0.93359375 1 0.97265625 0.69140625 0 0.94140625 0.86328125 1 0.30859375 0.94921875 0 0.84765625 0.93359375 1 0.14453125 0.57421875 0 0.56640625 0.58203125 1 0.22469288926054792 0.8570980614084382 0 0.8492855614084382 0.7909321107394521 0 0.33203125 0.72265625 1 0.61328125 0.42578125 0 0.04296875 0.87890625 0 0.35546875 0.19921875 1 0.35546875 0.83203125 0 0.06538736713976884 0.21008789858069352 1 0.636618245128512 0.15995524025702396 0 0.78515625 0.14453125 0 0.73046875 0.61328125 1 0.90234375 0.72265625 0 0.29296875 0.08203125 1 0.61328125 0.76953125 0 0.21688038926054787 0.1774105614084383 1 0.7049946107394521 0.4788394385915617 0 0.05078125 0.09765625 1 0.76953125 0.33203125 0 0.48828125 0.73828125 1 0.1507144385915617 0.7831196107394521 0 0.1011784182072705 0.3003331857821069 1 0.24609375 0.53515625 0 0.23828125 0.33203125 1 0.05696443859156168 0.7793803892605479 0 0.05757486713976881 0.3992871014193065 1 0.40234375 0.10546875 0 0.51953125 0.22265625 1 0.7072322597429761 0.23056925487148802 0 0.13196289858069352 0.17680013286023116 1 0.78515625 0.02734375 0 0.22265625 0.92578125 0 0.6208927402570239 0.34775675487148805 0 0.25390625 0.74609375 1 0.42598225974297604 0.44130574512851195 0 0.10648763286023116 0.10071289858069352 0 0.47265625 0.83203125 1 0.51171875 0.33203125 0 0.6350894385915618 0.2831196107394521 0 0.42588175487148805 0.26933024025702396 1 0.70703125 0.03515625 0 0.6149105614084382 0.6659321107394521 1 0.8492855614084382 0.6190571107394521 0 0.7997623671397688 0.8819628985806935 0 0.7352246014193065 0.7060123671397688 1 0.04296875 0.63671875 1 0.3492855614084383 0.33406788926054787 0 0.8585253985806935 0.43461263286023116 0 0.2132144385915617 0.46688038926054787 0 0.7757144385915618 0.4590678892605479 0 0.5901609081328034 0.10913910068544558 0 0.9092153213655186 0.03411282750882144 0 0.27734375 0.02734375 0 0.9494197597429761 0.746194254871488 1 0.35750538926054787 0.2600894385915617 0 0.7284321107394521 0.9586605614084382 0 0.34765625 0.58203125 1 0.88671875 0.58203125 0 0.77734375 0.80078125 0 0.30078125 0.41796875 0 0.02734375 0.48046875 0 0.41471347995577434 0.5530348415282557 1 0.61328125 0.54296875 0 0.62890625 0.23046875 1 0.8668606265277629 0.3081961068510162 0 0.20601236713976884 0.5867871014193065 1 0.6574613770933555 0.5014398825207539 0 0.66796875 0.43359375 1 0.2080975974694294 0.7720120007122765 0 0.67578125 0.33984375 1 0.871194254871488 0.6677677402570239 0 0.11328125 0.97265625 0 0.8326366740872841 0.8408610367589509 1 0.62890625 0.88671875 0 0.542476779594007 0.9106488659237671 1 0.48828125 0.88671875 0 0.3299946107394521 0.8850894385915618 1 0.9315571107394521 0.6585269385915618 0 0.2508496014193065 0.13569986713976884 1 0.5399121014193065 0.8564876328602312 0 0.2215899025305706 0.7045504992877235 0 0.754006754871488 0.5662052402570239 0 0.30088154877436746 0.8323321273697459 1 0.8135558383121481 0.9736842105263158 0 0.36124461073945213 0.1383480614084383 1 0.03515625 0.97265625 0 0.1617855614084383 0.9121928892605479 0 0.5596126328602312 0.4461621014193065 0 0.5349552402570239 0.27724324512851195 1 0.39656788926054787 0.03352693859156168 0 0.9728843639716072 0.9096201946797308 1 0.41796875 0.97265625 0 0.2647753985806935 0.27836263286023116 1 0.1774105614084383 0.27156788926054787 0 0.67578125 0.60546875 0 0.76171875 0.66015625 1 0.02734375 0.15234375 0 0.5253071107394521 0.6149105614084382 1 0.5055355614084382 0.11124461073945208 0 0.8521134229483526 0.7383755548614074 1 0.03311961073945208 0.5602230614084382 0 0.6934428892605479 0.1070980614084383 0 0.5836605614084382 0.03311961073945208 1 0.65234375 0.06640625 0 0.4339109081328035 0.7346108993145545 1 0.97265625 0.39453125 0 0.93359375 0.16015625 0 0.9091373671397688 0.3992871014193065 1 0.7753071107394521 0.2288394385915617 0 0.94921875 0.08984375 1 0.83203125 0.20703125 0 0.95703125 0.21484375 1
0.02631578947368421 0.01296724241821921 0 0 219 0.05078125 0.46484375 0 0.51171875 0.44140625 1 0.46484375 0.23828125 0 0.43359375 0.46484375 1 0.55859375 0.85546875 0 0.56640625 0.50390625 1 0.30078125 0.41015625 0 0.62109375 0.69921875 1 0.48046875 0.05859375 0 0.03515625 0.80078125 1 0.42578125 0.84765625 0 0.56640625 0.05859375 1 0.16015625 0.30078125 0 0.06640625 0.54296875 1 0.16015625 0.49609375 0 0.48828125 0.82421875 1 0.51171875 0.94140625 0 0.37109375 0.48828125 1 0.42578125 0.92578125 0 0.50390625 0.55859375 1 0.12109375 0.42578125 0 0.5616503985806935 0.9247623671397688 1 0.07421875 0.65234375 0 0.51953125 0.12109375 1 0.69921875 0.44140625 0 0.16015625 0.58203125 1 0.57421875 0.16015625 0 0.45703125 0.15234375 1 0.52734375 0.73828125 0 0.41015625 0.55859375 1 0.08203125 0.96484375 0 0.17578125 0.83203125 1 0.15234375 0.17578125 0 0.14453125 0.92578125 1 0.05859375 0.85546875 0 0.16796875 0.77734375 0 0.18359375 0.41796875 1 0.31640625 0.22265625 0 0.40234375 0.08984375 0 0.16796875 0.66015625 1 0.55859375 0.61328125 1 0.36328125 0.65234375 0 0.4774121014193065 0.7216373671397688 1 0.29296875 0.83984375 0 0.62890625 0.44921875 1 0.26171875 0.48828125 0 0.82421875 0.18359375 1 0.08203125 0.07421875 0 0.12089274025702396 0.800881754871488 1 0.10556925487148802 0.12129475974297604 0 0.33203125 0.35546875 1 0.34765625 0.70703125 0 0.51171875 0.67578125 1 0.59765625 0.38671875 1 0.14453125 0.07421875 0 0.06640625 0.91015625 1 0.36328125 0.16015625 0 0.17578125 0.35546875 1 0.91015625 0.83203125 0 0.29296875 0.58203125 1 0.05859375 0.30078125 0 0.41015625 0.69140625 1 0.48046875 0.29296875 0 0.84765625 0.69921875 1 0.79296875 0.47265625 0 0.1272769385915617 0.6231303892605479 1 0.73046875 0.63671875 0 0.27734375 0.66015625 1 0.55078125 0.33203125 0 0.91015625 0.17578125 1 0.23046875 0.19921875 0 0.11905711073945208 0.5289730614084382 1 0.34765625 0.78515625 1 0.72265625 0.15234375 0 0.71484375 0.83203125 1 0.35546875 0.30078125 0 0.26069986713976884 0.7100878985806935 1 0.71484375 0.69921875 0 0.27734375 0.34765625 1 0.69921875 0.23828125 0 0.66015625 0.57421875 1 0.85546875 0.55859375 0 0.91796875 0.34765625 1 0.60546875 0.23046875 0 0.84765625 0.08984375 1 0.07421875 0.17578125 0 0.20125538926054787 0.2679019385915617 1 0.65234375 0.04296875 0 0.93359375 0.65234375 1 0.91015625 0.53515625 0 0.33984375 0.93359375 1 0.8310123671397688 0.6492871014193065 0 0.29296875 0.08203125 1 0.13661824512851198 0.25370524025702396 1 0.29296875 0.15234375 0 0.06742513286023116 0.4149121014193065 1 0.64453125 0.15234375 0 0.36328125 0.41015625 1 0.07523763286023116 0.3507128985806935 0 0.66796875 0.33203125 1 0.66796875 0.91015625 1 0.76953125 0.83984375 0 0.80859375 0.92578125 1 0.73046875 0.51953125 0 0.27734375 0.77734375 0 0.92578125 0.06640625 1 0.92578125 0.96484375 0 0.41796875 0.34765625 1 0.23828125 0.94140625 0 0.26953125 0.26953125 1 0.78515625 0.40234375 1 0.46484375 0.38671875 0 0.58984375 0.79296875 1 0.07421875 0.73828125 0 0.21484375 0.08984375 1 0.94921875 0.23046875 0 0.77734375 0.07421875 1 0.52734375 0.23046875 0 0.67578125 0.77734375 1 0.60546875 0.64453125 0 0.78515625 0.73828125 1 0.83984375 0.77734375 0 0.85546875 0.41796875 1 0.20703125 0.71484375 0 0.78515625 0.58203125 1 0.30078125 0.89453125 0 0.933694254871488 0.48808024025702396 1 0.6208927402570239 0.933694254871488 0 0.72265625 0.94140625 1 0.71484375 0.05859375 0 0.9430355614084382 0.5762553892605479 1 0.20703125 0.88671875 0 0.40234375 0.22265625 1 0.8947322597429761 0.722756754871488 0 0.22265625 0.55859375 1 0.14453125 0.72265625 0 0.41796875 0.77734375 1 0.23066975974297604 0.39443074512851195 0 0.7555355614084382 0.19344288926054792 1 0.63671875 0.51953125 0 0.73046875 0.34765625 1 0.95703125 0.90234375 0 0.60546875 0.30078125 1 0.03209960141930648 0.09086263286023116 0 0.91015625 0.26953125 1 0.33203125 0.04296875 0 0.06640625 0.23046875 1 0.97265625 0.09765625 0 0.84765625 0.49609375 1 0.47285725974297604 0.902243245128512 1 0.84765625 0.96484375 0 0.37109375 0.86328125 1 0.66015625 0.65234375 0 0.23046875 0.03515625 0 0.7861751328602312 0.2586621014193065 1 0.9502376328602312 0.7195996014193065 0 0.22741210141930648 0.7939876328602312 1 0.9572322597429761 0.29306925487148805 0 0.05068074512851198 0.6052677402570239 1 0.84765625 0.02734375 0 0.3147769385915617 0.5174946107394521 1 0.8643001328602312 0.13977539858069352 0 0.21382486713976884 0.14928710141930648 1 0.73828125 0.77734375 0 0.9679003985806935 0.40913736713976884 1 0.9152787739617505 0.41021114044639445 0 0.5149367581168087 0.37057026275498517 1 0.7697322597429761 0.964944254871488 0 0.8661767667278089 0.6101252147402454 1 0.55859375 0.55859375 0 0.22265625 0.66015625 0 0.96484375 0.15234375 1 0.7913394385915618 0.14249461073945208 0 0.37992513286023116 0.6024121014193065 1 0.47265625 0.62109375 0 0.5882681007819917 0.7403597612605007 0 0.7822695621471752 0.669144778224637 0 0.12870524025702396 0.855569254871488 0 0.6825748671397688 0.3914746014193065 1 0.8564876328602312 0.8819628985806935 0 0.92578125 0.76953125 0 0.42578125 0.28515625 1 0.3809428892605479 0.9664730614084382 0 0.73046875 0.88671875 0 0.83203125 0.83203125 1 0.22285725974297604 0.33193074512851195 0 0.2288394385915617 0.44718211073945213 1 0.6465678892605479 0.2679019385915617 0 0.8225894385915618 0.3575053892605479 1 0.7138248671397688 0.5867871014193065 0 0.7195996014193065 0.29194986713976884 1 0.41901217249117856 0.6376596786344814 1 0.2882128985806935 0.9580501328602312 1 0.90234375 0.91015625 0 0.871194254871488 0.21464274025702396 1 0.8400988409199058 0.3078706313105473 0 0.3429003985806935 0.09867513286023116 0 0.51171875 0.49609375 1 0.9728572597429761 0.793069254871488 0 0.59765625 0.10546875 0 0.6056697597429761 0.879006754871488 1 0.63671875 0.82421875 0 0.6830702627549852 0.18818824188319125 1 0.97265625 0.52734375 0 0.6897769385915618 0.11124461073945208 1 0.5248336383476092 0.02631678947368421 0 0.51171875 0.17578125 0 0.16806925487148802 0.027142740257023956 0 0.6825748671397688 0.4913378985806935 1 0.6102246014193065 0.5908626328602312 0 0.04265111751428188 0.03929855743219265 1 0.5293803892605479 0.7913394385915618 0 0.79296875 0.52734375 1 0.5866745207063521 0.9736842105263158 0 0.46464274025702396 0.964944254871488 1 0.4512553892605479 0.5257144385915618 0 0.027142740257023956 0.714743245128512 1 0.4388961383476092 0.02631678947368421 0 0.03265451028203697 0.1434918965949119 1
0.02631578947368421 0.021855473669617112 0 0 227 0.23046875 0.37109375 0 0.49609375 0.48828125 1 0.94921875 0.53515625 0 0.51171875 0.54296875 1 0.44921875 0.23828125 0 0.37890625 0.54296875 1 0.48828125 0.41796875 0 0.66015625 0.52734375 1 0.40234375 0.48046875 0 0.43359375 0.41796875 1 0.27734375 0.54296875 0 0.91015625 0.08984375 1 0.06640625 0.41796875 0 0.44140625 0.58203125 1 0.61328125 0.06640625 0 0.5211605614084382 0.3768696107394521 1 0.5193302402570239 0.925680745128512 1 0.30078125 0.41015625 0 0.3524121014193065 0.46382486713976884 0 0.33984375 0.34765625 1 0.4742855614084383 0.6231303892605479 0 0.05859375 0.48828125 0 0.58984375 0.47265625 1 0.51171875 0.05859375 0 0.34765625 0.60546875 1 0.42578125 0.09765625 0 0.56640625 0.14453125 0 0.61328125 0.41015625 1 0.5353572597429761 0.44150675487148805 0 0.06640625 0.54296875 1 0.88671875 0.44921875 0 0.46484375 0.15234375 1 0.23828125 0.16796875 0 0.58203125 0.58203125 1 0.54296875 0.64453125 0 0.63671875 0.65234375 1 0.65234375 0.47265625 0 0.18359375 0.17578125 1 0.66796875 0.59765625 0 0.44140625 0.35546875 0 0.45703125 0.94140625 1 0.05078125 0.19140625 0 0.56640625 0.88671875 1 0.12890625 0.15234375 0 0.80859375 0.19921875 1 0.5263248671397688 0.5945996014193065 0 0.56640625 0.52734375 1 0.13671875 0.22265625 0 0.48828125 0.71484375 0 0.66796875 0.17578125 1 0.37890625 0.05078125 0 0.41015625 0.64453125 1 0.85546875 0.15234375 0 0.80078125 0.14453125 1 0.32421875 0.14453125 0 0.58984375 0.26171875 1 0.49609375 0.84765625 0 0.15234375 0.37109375 0 0.60546875 0.72265625 1 0.84765625 0.30078125 0 0.53515625 0.80859375 0 0.86328125 0.55078125 0 0.52734375 0.30859375 1 0.91796875 0.37109375 0 0.5399121014193065 0.24507486713976884 0 0.77734375 0.84765625 0 0.87890625 0.04296875 1 0.05859375 0.28515625 0 0.33203125 0.29296875 0 0.85546875 0.79296875 0 0.18379475974297604 0.24619425487148802 1 0.48148763286023116 0.10241210141930648 0 0.60546875 0.35546875 1 0.78515625 0.44921875 0 0.39453125 0.30859375 1 0.42578125 0.83203125 0 0.11633789858069352 0.5263248671397688 1 0.12890625 0.47265625 0 0.80078125 0.34765625 0 0.63671875 0.95703125 1 0.12109375 0.27734375 0 0.24609375 0.30859375 1 0.73046875 0.46484375 0 0.38671875 0.38671875 1 0.70703125 0.32421875 0 0.1852230614084383 0.32999461073945213 1 0.94921875 0.28515625 0 0.6599552402570239 0.30068074512851195 1 0.33203125 0.21484375 0 0.70703125 0.86328125 0 0.61328125 0.83984375 0 0.3184428892605479 0.5100894385915618 1 0.15234375 0.94140625 0 0.06640625 0.60546875 1 0.51953125 0.19140625 0 0.16796875 0.84765625 1 0.79296875 0.55078125 0 0.91015625 0.16796875 1 0.49031788926054787 0.2711605614084383 0 0.03515625 0.90234375 1 0.84765625 0.67578125 0 0.7679019385915618 0.10343211073945208 1 0.72265625 0.80859375 0 0.66015625 0.23046875 1 0.65234375 0.77734375 0 0.31640625 0.69140625 1 0.70703125 0.72265625 0 0.44242513286023116 0.8819628985806935 1 0.41796875 0.73046875 0 0.802849780720098 0.0640768481026728 1 0.25390625 0.08984375 0 0.09765625 0.93359375 1 0.11633789858069352 0.33101236713976884 0 0.68359375 0.92578125 0 0.09765625 0.83984375 1 0.73046875 0.58203125 0 0.39453125 0.92578125 1 0.76171875 0.92578125 0 0.71484375 0.97265625 1 0.77734375 0.26171875 0 0.28515625 0.62109375 1 0.23078953454051873 0.22249447621473226 1 0.32421875 0.83984375 0 0.20703125 0.52734375 0 0.28413736713976884 0.4600878985806935 0 0.62890625 0.89453125 1 0.18359375 0.47265625 0 0.20023763286023116 0.12584960141930648 0 0.21484375 0.61328125 1 0.10546875 0.05078125 0 0.5850878985806935 0.7919498671397688 1 0.30859375 0.07421875 0 0.22265625 0.90234375 1 0.91015625 0.84765625 0 0.7236751328602312 0.2742871014193065 1 0.53515625 0.74609375 0 0.28245718587189794 0.23252128569692057 1 0.16015625 0.02734375 0 0.12109375 0.61328125 1 0.8310123671397688 0.7257128985806935 0 0.3992871014193065 0.22163736713976884 1 0.91796875 0.66015625 0 0.6268696107394521 0.1429019385915617 0 0.71484375 0.66796875 1 0.48046875 0.76953125 0 0.28515625 0.35546875 1 0.6649121014193065 0.39351236713976884 0 0.97265625 0.72265625 0 0.16015625 0.69140625 1 0.82421875 0.49609375 0 0.06640625 0.68359375 1 0.34765625 0.74609375 0 0.3929019385915617 0.7909321107394521 1 0.78515625 0.68359375 0 0.03515625 0.80078125 1 0.22265625 0.43359375 0 0.69921875 0.08984375 1 0.38671875 0.16796875 0 0.36328125 0.87890625 1 0.7685123671397688 0.3992871014193065 0 0.84765625 0.24609375 0 0.6659321107394521 0.8304019385915618 1 0.8484758948797836 0.09031510401533421 0 0.4440819168862104 0.6847709285877719 1 0.6554003985806935 0.7060123671397688 0 0.44761918707846066 0.30193407597236793 0 0.5596126328602312 0.6944628985806935 1 0.93359375 0.22265625 0 0.59765625 0.20703125 1 0.24609375 0.03515625 0 0.73046875 0.21484375 1 0.28515625 0.75390625 0 0.24609375 0.71484375 1 0.20703125 0.78515625 1 0.02631578947368421 0.12394416168785195 0 0.25390625 0.94921875 1 0.17578125 0.57421875 0 0.37119425487148805 0.6990177402570239 1 0.02631578947368421 0.38175666168785194 0 0.27714274025702396 0.863381754871488 1 0.2637553892605479 0.8069644385915618 1 0.972756754871488 0.5822322597429761 0 0.9736832105263158 0.18664726624130484 1 0.6663394385915618 0.04874461073945208 0 0.97265625 0.03515625 1 0.77734375 0.62890625 0 0.73828125 0.05078125 0 0.57421875 0.02734375 0 0.44921875 0.02734375 0 0.73046875 0.51953125 1 0.7154277441667488 0.3787354187246278 1 0.35797886165239073 0.9736832105263158 1 0.7158626328602312 0.13977539858069352 0 0.07474827791346804 0.1445471330798909 0 0.08213175487148802 0.23808024025702396 1 0.30859375 0.91796875 1 0.1679689295806569 0.6372167029084397 1 0.9011665714122281 0.7668555831137897 0 0.19616210141930648 0.7314876328602312 1 0.171496949502286 0.4201179239592937 0 0.027403616690725115 0.3291353257242256 1 0.9658626328602312 0.3350878985806935 0 0.027142740257023956 0.730368245128512 1 0.11328125 0.73046875 0 0.44921875 0.52734375 0 0.10546875 0.78515625 1 0.8756174004116767 0.6289064251253131 0 0.863381754871488 0.36308024025702396 0 0.9104809750150189 0.5894764931886719 1 0.9731542029084397 0.4882814295806569 0 0.972756754871488 0.39433024025702396 0 0.910256754871488 0.49629475974297604 0 0.1383480614084383 0.09188038926054787 0 0.22944986713976884 0.6649121014193065 1 0.97265625 0.65234375 1 0.03515625 0.03515625 0 0.19391636165239076 0.9736832105263158 1 0.02631578947368421 0.6395691616878519 1 0.95703125 0.13671875 1 0.7596821107394521 0.3147769385915617 1 0.13569986713976884 0.8914746014193065 1 0.11900912129822522 0.4162306378990615 1 0.8992871014193065 0.26851236713976884 1 0.785256754871488 0.9728572597429761 0 0.027243245128511978 0.23848225974297604 1 0.96484375 0.97265625 0 0.92578125 0.92578125 1
0.05555555555555555 0.12639822792587985 1 0 3 0.49609375 0.44921875 0 0.44921875 0.55078125 1 0.62890625 0.86328125 0
0.05555555555555555 0.132058238901382 0 0 6 0.18359375 0.85546875 0 0.48828125 0.51171875 1 0.44140625 0.28515625 0 0.65234375 0.41015625 1 0.08203125 0.48828125 0 0.33203125 0.42578125 1
0.05555555555555555 0.14563535662655158 0 0 10 0.56640625 0.08984375 0 0.47265625 0.41796875 1 0.19921875 0.85546875 0 0.43359375 0.56640625 1 0.91796875 0.72265625 0 0.62890625 0.50390625 1 0.30078125 0.30078125 0 0.20703125 0.52734375 1 0.66015625 0.31640625 0 0.80859375 0.45703125 1
0.05555555555555555 0.10454732224197047 0 0 14 0.55859375 0.08984375 0 0.50390625 0.52734375 1 0.30078125 0.62109375 0 0.48046875 0.36328125 1 0.70703125 0.15234375 0 0.67578125 0.43359375 1 0.22265625 0.90234375 0 0.50390625 0.71484375 1 0.83984375 0.07421875 0 0.28515625 0.44921875 1 0.88671875 0.57421875 0 0.66015625 0.61328125 1 0.74609375 0.87890625 0 0.37890625 0.18359375 1
0.05555555555555555 0.025905453310468785 0 0 18 0.53515625 0.07421875 0 0.54296875 0.45703125 1 0.50390625 0.60546875 0 0.40234375 0.45703125 1 0.65234375 0.51953125 0 0.45703125 0.27734375 1 0.63671875 0.16015625 0 0.30078125 0.62109375 1 0.15234375 0.48046875 0 0.44140625 0.78515625 1 0.91015625 0.84765625 0 0.68359375 0.35546875 1 0.62109375 0.76953125 0 0.79296875 0.49609375 1 0.12890625 0.62109375 0 0.76171875 0.66015625 1 0.25390625 0.74609375 0 0.23828125 0.33984375 1
0.05555555555555555 0.1362410667890324 1 0 21 0.12890625 0.91015625 0 0.50390625 0.50390625 1 0.44140625 0.40234375 0 0.36328125 0.53515625 1 0.23828125 0.87890625 0 0.66015625 0.47265625 1 0.30078125 0.71484375 0 0.48046875 0.66015625 1 0.81640625 0.35546875 0 0.59765625 0.31640625 1 0.6536424233737017 0.22042995278793978 0 0.41796875 0.18359375 1 0.73828125 0.69921875 0 0.18359375 0.50390625 1 0.87109375 0.67578125 0 0.52734375 0.80859375 1 0.17578125 0.23828125 0 0.82421875 0.51953125 1 0.74609375 0.15234375 0 0.62109375 0.62109375 1 0.08984375 0.06640625 0
0.05555555555555555 0.02296103896103896 1 0 25 0.81640625 0.08984375 0 0.53515625 0.48828125 1 0.13671875 0.54296875 0 0.38671875 0.49609375 1 0.56640625 0.62109375 0 0.48828125 0.31640625 1 0.68359375 0.48828125 0 0.66015625 0.33984375 1 0.52734375 0.74609375 0 0.26171875 0.43359375 1 0.44270492337370176 0.5920700472120601 0 0.28515625 0.57421875 1 0.48046875 0.07421875 0 0.79296875 0.42578125 1 0.76171875 0.66015625 0 0.35546875 0.75390625 1 0.3576950472120602 0.37760757662629824 0 0.07421875 0.07421875 1 0.25390625 0.27734375 0 0.63671875 0.19140625 1 0.14453125 0.24609375 0 0.18359375 0.67578125 1 0.53515625 0.94140625 0 0.44140625 0.19921875 1 0.91796875 0.41796875 0
0.05555555555555555 0.10454732224197047 1 0 29 0.55859375 0.08984375 0 0.50390625 0.52734375 1 0.30078125 0.62109375 0 0.48046875 0.36328125 1 0.70703125 0.15234375 0 0.67578125 0.43359375 1 0.22265625 0.90234375 0 0.50390625 0.71484375 1 0.83984375 0.07421875 0 0.28515625 0.44921875 1 0.88671875 0.57421875 0 0.66015625 0.61328125 1 0.74609375 0.87890625 0 0.37890625 0.18359375 1 0.20703125 0.18359375 0 0.38671875 0.82421875 1 0.87109375 0.33984375 0 0.57421875 0.24609375 1 0.80859375 0.73828125 0 0.18359375 0.33984375 1 0.65234375 0.74609375 0 0.17578125 0.55859375 1 0.73828125 0.32421875 0 0.19140625 0.73828125 1 0.62109375 0.90234375 0 0.79296875 0.50390625 1 0.90234375 0.87109375 0 0.32421875 0.30859375 1 0.35546875 0.93359375 0
0.05555555555555555 0.1099232669691883 1 0 32 0.46484375 0.42578125 1 0.53515625 0.85546875 0 0.44921875 0.58203125 1 0.67578125 0.59765625 0 0.62109375 0.46484375 1 0.08984375 0.13671875 0 0.26953125 0.47265625 1 0.82421875 0.85546875 0 0.55859375 0.18359375 1 0.55078125 0.68359375 0 0.39453125 0.74609375 1 0.69921875 0.16015625 0 0.77734375 0.49609375 1 0.88671875 0.18359375 0 0.58203125 0.33203125 1 0.19921875 0.18359375 0 0.5599517630039148 0.5728605866301707 1 0.20703125 0.69921875 0 0.82421875 0.66796875 1 0.14453125 0.53515625 0 0.40234375 0.19140625 1 0.6311325472120601 0.9114549233737017 0 0.81640625 0.34765625 1 0.19140625 0.87890625 0 0.18359375 0.33203125 1 0.71484375 0.78515625 0 0.33203125 0.31640625 1 0.08203125 0.82421875 0 0.91015625 0.48046875 1 0.9102147794243348 0.7383291377108194 0 0.31640625 0.61328125 1 0.81640625 0.06640625 0
0.05555555555555555 0.10525249768628307 0 0 36 0.09765625 0.85546875 0 0.48828125 0.50390625 1 0.48828125 0.91015625 0 0.51171875 0.65234375 1 0.31640625 0.56640625 1 0.38671875 0.40234375 0 0.57421875 0.34765625 1 0.17578125 0.08203125 0 0.66015625 0.53515625 1 0.06640625 0.61328125 0 0.19921875 0.41796875 1 0.46484375 0.21484375 1 0.34765625 0.24609375 0 0.80859375 0.42578125 1 0.25390625 0.73046875 0 0.59765625 0.79296875 1 0.36328125 0.84765625 0 0.82421875 0.62890625 1 0.78515625 0.83203125 0 0.19921875 0.25390625 1 0.26953125 0.93359375 0 0.80078125 0.26953125 1 0.64453125 0.21484375 1 0.18359375 0.57421875 1 0.91015625 0.74609375 0 0.37890625 0.09765625 1 0.08984375 0.18359375 0 0.91796875 0.52734375 1 0.72265625 0.69140625 0 0.39453125 0.70703125 1 0.64453125 0.89453125 0 0.07421875 0.45703125 1 0.93359375 0.91796875 0 0.92578125 0.23046875 1 0.82421875 0.06640625 0 0.54296875 0.08203125 1
0.05555555555555555 0.09285366029879484 1 0 38 0.51953125 0.48828125 1 0.93359375 0.30078125 0 0.69921875 0.55078125 1 0.62890625 0.91796875 0 0.51171875 0.64453125 1 0.86328125 0.44921875 0 0.48828125 0.33984375 1 0.33203125 0.61328125 0 0.34765625 0.45703125 1 0.18359375 0.51171875 1 0.16015625 0.70703125 0 0.46484375 0.80078125 1 0.30859375 0.78515625 0 0.37890625 0.21484375 1 0.21484375 0.33984375 1 0.80078125 0.65234375 1 0.92578125 0.60546875 0 0.11328125 0.41015625 0 0.66015625 0.74609375 1 0.35546875 0.93359375 0 0.80859375 0.20703125 1 0.18359375 0.92578125 0 0.19140625 0.19140625 1 0.80078125 0.78515625 0 0.78515625 0.33984375 1 0.08984375 0.57421875 0 0.33984375 0.08203125 1 0.08203125 0.83984375 0 0.518076508115663 0.9258851601345955 1 0.830576508115663 0.9336976601345955 0 0.08203125 0.28515625 1 0.94140625 0.80859375 0 0.6522398398654045 0.44286099188433703 1 0.93359375 0.08203125 0 0.6593318266532686 0.21698725070150174 1 0.08984375 0.08984375 0 0.80859375 0.08203125 1 0.52734375 0.18359375 1
0.05555555555555555 0.16083557243272745 1 0 40 0.55078125 0.50390625 1 0.74609375 0.50390625 0 0.40234375 0.52734375 1 0.63671875 0.38671875 0 0.55078125 0.67578125 1 0.45703125 0.86328125 0 0.44140625 0.35546875 1 0.51171875 0.18359375 1 0.86328125 0.24609375 0 0.20703125 0.58984375 1 0.86328125 0.09765625 0 0.69140625 0.22265625 1 0.62890625 0.58984375 0 0.38671875 0.67578125 1 0.77734375 0.33984375 0 0.32421875 0.21484375 1 0.66796875 0.74609375 0 0.3237756227613802 0.4487756227613802 1 0.59765625 0.87890625 0 0.78515625 0.65234375 1 0.87109375 0.50390625 0 0.30078125 0.81640625 1 0.7071198754477239 0.11266087186593228 0 0.80859375 0.80859375 1 0.11328125 0.82421875 0 0.06640625 0.54296875 1 0.53515625 0.29296875 0 0.16786483986540449 0.27879849188433703 1 0.5820791377108194 0.09759772057566511 0 0.44140625 0.08984375 1 0.91015625 0.36328125 0 0.91015625 0.68359375 1 0.16796875 0.71484375 1 0.20703125 0.91015625 1 0.27734375 0.08203125 1 0.7300256227613802 0.8871618772386198 0 0.07421875 0.93359375 1 0.8645799233737017 0.9045700472120601 0 0.08203125 0.08203125 1 0.17578125 0.44921875 0
0.05555555555555555 0.10454732224197047 0 1 42 0.55859375 0.08984375 0 0.50390625 0.52734375 1 0.30078125 0.62109375 0 0.48046875 0.36328125 1 0.70703125 0.15234375 0 0.67578125 0.43359375 1 0.22265625 0.90234375 0 0.50390625 0.71484375 1 0.83984375 0.07421875 0 0.28515625 0.44921875 1 0.66015625 0.61328125 1 0.37890625 0.18359375 1 0.20703125 0.18359375 0 0.38671875 0.82421875 1 0.87109375 0.33984375 0 0.57421875 0.24609375 1 0.18359375 0.33984375 1 0.17578125 0.55859375 1 0.73828125 0.32421875 0 0.19140625 0.73828125 1 0.79296875 0.50390625 1 0.32421875 0.30859375 1 0.35546875 0.93359375 0 0.48828125 0.91015625 1 0.91796875 0.18359375 0 0.08203125 0.44140625 1 0.06640625 0.19921875 0 0.39675754721206025 0.5651075766262983 1 0.08203125 0.81640625 0 0.08203125 0.66015625 1 0.18359375 0.06640625 0 0.41796875 0.06640625 1 0.3025183611111111 0.73828125 0 0.92578125 0.45703125 1 0.30078125 0.08203125 0 0.05859375 0.33203125 0 0.5507333622891806 0.8163477205756652 1 0.81640625 0.66796875 1 0.65234375 0.91796875 1 0.92578125 0.60546875 1 0.07421875 0.94140625 0 0.80078125 0.21484375 0
0.05555555555555555 0.06408290131550357 1 0 43 0.52734375 0.44921875 1 0.75390625 0.49609375 0 0.52734375 0.59765625 1 0.40234375 0.51953125 0 0.37109375 0.40234375 1 0.12890625 0.13671875 0 0.66015625 0.58203125 1 0.76171875 0.87890625 0 0.50390625 0.30078125 1 0.6579299527879399 0.44010757662629824 1 0.12109375 0.60546875 0 0.33984375 0.65234375 1 0.80078125 0.67578125 0 0.43359375 0.80859375 1 0.32421875 0.19140625 0 0.22265625 0.47265625 1 0.87109375 0.37890625 0 0.62109375 0.79296875 1 0.93359375 0.73046875 0 0.66015625 0.19921875 1 0.55078125 0.08203125 0 0.20703125 0.29296875 1 0.30078125 0.05859375 0 0.80859375 0.19140625 1 0.91796875 0.12890625 0 0.07421875 0.44140625 1 0.44140625 0.16796875 1 0.94140625 0.52734375 0 0.54296875 0.91796875 1 0.93359375 0.92578125 0 0.20703125 0.68359375 1 0.72265625 0.33984375 0 0.07421875 0.28515625 1 0.71484375 0.05859375 0 0.08984375 0.73828125 1 0.48957992337370176 0.7126174527879399 0 0.39453125 0.92578125 1 0.6770799233737017 0.6969924527879399 0 0.91796875 0.27734375 1 0.8402868772386198 0.8003381227613802 0 0.3263622507015017 0.7765193266532686 1 0.19130233986540449 0.822764008115663 1 0.08203125 0.93359375 0
0.05555555555555555 0.14141418905237088 0 0 45 0.13671875 0.30078125 0 0.50390625 0.48828125 1 0.87109375 0.83203125 0 0.33203125 0.53515625 1 0.66015625 0.14453125 0 0.56640625 0.66796875 1 0.82421875 0.48046875 0 0.48828125 0.30859375 1 0.66015625 0.53515625 1 0.36328125 0.87890625 0 0.38671875 0.69140625 1 0.93359375 0.55859375 0 0.33203125 0.37890625 1 0.13671875 0.55859375 0 0.53515625 0.82421875 1 0.66796875 0.78515625 0 0.78515625 0.31640625 1 0.16796875 0.77734375 0 0.79296875 0.66796875 1 0.06640625 0.15234375 0 0.31640625 0.19921875 1 0.24767920966707319 0.30658449271763 0 0.51171875 0.17578125 1 0.77734375 0.92578125 0 0.18359375 0.44921875 1 0.05859375 0.80078125 0 0.80078125 0.18359375 1 0.26953125 0.05859375 0 0.21484375 0.64453125 1 0.17578125 0.91796875 0 0.91796875 0.37109375 1 0.93359375 0.17578125 0 0.41015625 0.08203125 1 0.07276400811566294 0.4413023398654045 0 0.65234375 0.26953125 1 0.6137243772386198 0.9027868772386198 0 0.18359375 0.16796875 1 0.82421875 0.07421875 0 0.7335623096362919 0.41622632762251555 1 0.91796875 0.70703125 0 0.59765625 0.40234375 1 0.09765625 0.66796875 0 0.28515625 0.78515625 1 0.47917007662629824 0.9201950472120601 0 0.5741602205756652 0.0741708622891805 1
0.05555555555555555 0.1362410667890324 0 0 48 0.12890625 0.91015625 0 0.50390625 0.50390625 1 0.44140625 0.40234375 0 0.36328125 0.53515625 1 0.23828125 0.87890625 0 0.66015625 0.47265625 1 0.30078125 0.71484375 0 0.48046875 0.66015625 1 0.81640625 0.35546875 0 0.59765625 0.31640625 1 0.6536424233737017 0.22042995278793978 0 0.41796875 0.18359375 1 0.73828125 0.69921875 0 0.18359375 0.50390625 1 0.87109375 0.67578125 0 0.52734375 0.80859375 1 0.17578125 0.23828125 0 0.82421875 0.51953125 1 0.74609375 0.15234375 0 0.62109375 0.62109375 1 0.08984375 0.06640625 0 0.29296875 0.37109375 1 0.88671875 0.15234375 0 0.67578125 0.82421875 1 0.09765625 0.68359375 0 0.37890625 0.83203125 1 0.81640625 0.83203125 0 0.13671875 0.34765625 0 0.27734375 0.17578125 1 0.92578125 0.44921875 0 0.21484375 0.63671875 1 0.6836976601345955 0.935048491884337 0 0.46484375 0.29296875 1 0.07276400811566294 0.4959898398654045 0 0.51171875 0.93359375 1 0.37109375 0.08203125 0 0.17578125 0.77734375 1 0.22135757662629824 0.07980495278793982 0 0.93359375 0.81640625 0 0.705576508115663 0.3475523398654045 1 0.07129700979118091 0.8151451360004325 0 0.4790801808125695 0.05586195509299031 0 0.93359375 0.58203125 1 0.34895492337370176 0.2751174527879398 0 0.8084898398654045 0.24463900811566294 0 0.33425754721206025 0.9348924233737017 1 0.528491847513902 0.19501863296693184 0 0.6857372507015017 0.057769326653268574 0
